262.000000
247.699997
266.579987
267.079987
253.850006
252.139999
257.290009
260.470001
270.029999
278.730011
277.739990
282.070007
283.880005
281.000000
288.750000
294.769989
293.100006
292.750000
284.649994
302.850006
319.880005
320.000000
322.200012
321.329987
333.559998
323.869995
318.160004
323.170013
321.420013
315.799988
313.260010
316.350006
313.070007
307.410004
309.359985
322.489990
298.390015
287.000000
291.940002
285.450012
273.630005
293.149994
289.100006
291.769989
297.679993
302.880005
309.720001
317.290009
315.989990
329.660004
336.299988
332.880005
332.220001
329.149994
319.220001
306.369995
310.000000
316.250000
311.070007
310.359985
311.649994
312.589996
308.709991
321.989990
325.899994
328.790009
331.500000
329.649994
327.250000
325.940002
326.279999
327.529999
324.899994
327.109985
334.049988
329.040009
344.339996
349.899994
351.500000
352.369995
353.799988
353.880005
362.679993
363.320007
367.779999
368.540009
358.059998
361.880005
363.600006
367.529999
384.269989
390.709991
387.720001
389.500000
415.149994
421.380005
419.980011
404.690002
393.279999
407.559998
395.000000
399.190002
385.450012
399.489990
393.799988
397.450012
415.950012
417.239990
411.339996
415.160004
409.190002
398.980011
346.950012
381.239990
371.059998
364.920013
359.149994
366.940002
357.570007
358.190002
366.850006
351.929993
331.510010
335.869995
337.230011
347.750000
342.869995
353.230011
352.209991
347.959991
346.910004
339.890015
342.089996
334.029999
329.899994
319.010010
314.640015
331.000000
338.489990
348.109985
346.000000
367.149994
367.230011
367.200012
365.000000
370.660004
366.470001
360.000000
347.440002
342.200012
352.269989
344.670013
359.079987
371.910004
368.549988
364.220001
353.670013
373.950012
370.260010
366.589996
359.000000
370.230011
373.589996
379.869995
379.239990
375.850006
384.380005
378.529999
375.880005
359.769989
345.179993
348.480011
353.519989
324.940002
339.570007
337.630005
337.239990
378.329987
360.670013
351.000000
333.100006
318.000000
332.279999
307.119995
300.510010
305.260010
275.570007
297.769989
304.589996
318.000000
311.100006
314.760010
312.899994
328.000000
311.070007
300.000000
295.000000
300.399994
285.510010
287.140015
283.790009
254.630005
274.420013
260.109985
260.549988
259.239990
271.980011
282.320007
288.000000
293.190002
288.130005
268.329987
282.480011
264.190002
274.079987
267.660004
277.640015
271.809998
266.510010
263.299988
269.959991
264.640015
263.829987
242.000000
233.919998
250.110001
257.940002
260.160004
259.279999
270.200012
281.880005
302.100006
319.980011
317.709991
314.570007
330.959991
334.239990
349.600006
354.000000
349.500000
351.970001
334.890015
328.250000
320.600006
328.720001
334.700012
335.869995
332.750000
339.679993
337.179993
342.600006
353.200012
357.000000
347.899994
338.000000
350.000000
348.089996
357.299988
351.750000
358.470001
355.799988
364.850006
360.029999
360.339996
367.010010
362.980011
363.500000
362.470001
362.260010
359.720001
351.459991
353.600006
360.160004
345.750000
352.000000
359.369995
355.809998
360.500000
361.019989
362.470001
366.399994
358.910004
374.000000
375.950012
359.000000
367.869995
361.000000
354.489990
357.160004
359.000000
366.250000
369.260010
370.070007
369.000000
365.109985
360.540009
365.790009
365.000000
360.690002
350.709991
355.000000
365.049988
355.000000
359.700012
375.450012
381.070007
374.489990
368.350006
373.679993
369.559998
374.000000
378.000000
381.529999
377.690002
377.000000
367.920013
360.899994
361.619995
352.290009
348.709991
343.339996
356.369995
356.390015
351.230011
350.950012
358.010010
355.500000
355.410004
354.390015
353.600006
350.549988
347.220001
343.559998
345.000000
354.380005
354.839996
357.390015
363.649994
355.000000
351.820007
347.230011
341.630005
342.690002
355.570007
361.720001
365.910004
365.000000
370.269989
370.750000
361.600006
363.200012
370.260010
373.500000
374.890015
376.690002
378.290009
378.190002
379.059998
382.769989
381.100006
378.679993
372.940002
370.089996
366.250000
323.760010
323.399994
312.000000
311.440002
310.510010
318.859985
328.790009
335.980011
329.200012
325.160004
324.250000
317.489990
310.959991
310.579987
302.559998
311.029999
313.739990
305.459991
309.769989
308.010010
299.500000
298.859985
306.250000
304.570007
301.609985
298.649994
295.000000
295.239990
294.540009
289.470001
295.000000
298.779999
290.820007
291.250000
285.320007
293.350006
294.809998
291.160004
285.700012
288.100006
290.609985
294.230011
294.500000
294.989990
291.559998
280.260010
268.350006
262.500000
255.710007
266.420013
266.179993
264.000000
267.350006
263.609985
267.779999
268.200012
271.989990
273.029999
270.019989
265.970001
284.799988
283.929993
283.820007
283.119995
304.489990
289.359985
272.890015
271.160004
268.059998
271.809998
270.679993
278.049988
281.869995
284.339996
291.000000
288.700012
288.000000
289.989990
288.190002
290.700012
288.730011
289.160004
295.320007
291.029999
283.250000
290.589996
296.000000
304.010010
301.010010
306.000000
309.100006
308.829987
315.000000
313.929993
315.779999
314.390015
302.220001
308.429993
305.269989
304.700012
307.350006
296.119995
294.489990
295.670013
298.500000
300.850006
307.359985
316.260010
324.500000
335.000000
337.760010
334.010010
334.600006
332.959991
329.079987
322.000000
326.100006
326.779999
323.119995
336.470001
331.489990
342.000000
337.130005
331.799988
344.399994
338.679993
343.500000
341.000000
340.000000
332.549988
326.040009
348.459991
345.950012
345.880005
349.000000
341.100006
347.390015
347.239990
361.000000
375.130005
369.600006
365.040009
365.000000
373.750000
377.179993
376.959991
381.470001
379.299988
388.119995
386.559998
385.329987
364.760010
372.000000
366.309998
371.459991
364.209991
373.109985
381.029999
377.769989
381.000000
367.700012
343.859985
356.429993
358.920013
326.500000
330.510010
306.630005
306.190002
302.399994
324.329987
342.309998
347.890015
369.989990
361.019989
344.000000
359.089996
363.000000
367.929993
376.049988
364.079987
367.470001
365.220001
380.000000
374.010010
371.059998
371.309998
397.500000
413.000000
437.000000
431.000000
435.170013
444.769989
429.730011
419.260010
425.000000
425.000000
419.989990
399.529999
410.309998
415.100006
417.779999
427.559998
429.299988
436.890015
434.140015
436.329987
442.000000
435.690002
444.899994
440.700012
451.160004
453.399994
454.250000
448.559998
437.000000
427.769989
410.380005
417.239990
417.459991
418.829987
425.869995
426.950012
422.390015
407.290009
416.000000
421.649994
436.000000
428.200012
429.000000
421.399994
425.760010
441.820007
448.730011
449.119995
455.010010
466.500000
468.540009
458.859985
466.390015
445.230011
450.019989
454.000000
485.640015
480.769989
497.309998
498.579987
508.399994
519.729980
567.979980
517.080017
516.299988
526.479980
494.869995
489.140015
506.000000
492.190002
491.130005
468.769989
484.510010
496.019989
492.250000
480.709991
488.290009
490.859985
498.649994
508.679993
504.109985
505.450012
493.350006
479.750000
471.339996
478.399994
482.820007
484.190002
484.350006
493.929993
484.690002
496.459991
495.440002
488.190002
492.500000
537.780029
532.000000
521.159973
532.599976
553.780029
545.000000
520.179993
498.399994
519.210022
503.350006
486.489990
480.619995
484.000000
499.989990
475.160004
472.510010
467.690002
489.010010
491.040009
470.529999
474.390015
489.109985
489.500000
492.570007
506.029999
516.429993
506.799988
518.719971
518.000000
533.479980
537.830017
548.809998
540.559998
562.609985
545.520020
549.500000
537.070007
528.140015
501.029999
494.690002
488.109985
487.029999
490.010010
486.359985
488.500000
502.010010
478.869995
484.929993
495.359985
506.559998
515.000000
485.540009
470.950012
483.000000
491.000000
486.769989
480.000000
480.119995
481.950012
482.000000
485.220001
490.459991
478.839996
485.130005
486.579987
490.079987
492.339996
501.619995
502.989990
497.500000
500.010010
517.900024
510.529999
494.559998
495.000000
505.440002
518.500000
520.109985
529.000000
533.200012
530.049988
527.690002
524.760010
515.119995
516.429993
519.900024
530.130005
525.530029
539.000000
521.549988
511.970001
508.279999
511.309998
507.839996
500.000000
495.500000
507.350006
500.000000
501.000000
565.419983
582.450012
582.099976
567.000000
554.729980
550.710022
535.880005
538.000000
536.789978
542.010010
550.169983
539.809998
552.260010
555.000000
546.000000
562.500000
564.440002
556.940002
557.289978
550.989990
549.000000
548.000000
534.989990
525.000000
539.799988
550.270020
546.510010
545.570007
553.340027
545.929993
521.500000
511.980011
514.460022
507.309998
513.500000
512.200012
512.500000
516.320007
524.469971
522.000000
516.400024
504.959991
509.130005
529.869995
533.780029
516.989990
502.820007
505.660004
510.510010
515.669983
529.929993
540.010010
544.809998
543.500000
551.130005
552.690002
551.049988
557.000000
554.869995
544.169983
550.539978
546.900024
554.419983
508.000000
513.820007
509.010010
506.760010
512.619995
505.200012
507.600006
505.000000
512.650024
510.779999
504.989990
495.989990
504.619995
502.000000
479.750000
486.829987
489.130005
487.859985
485.589996
488.399994
481.630005
489.549988
503.119995
501.049988
506.000000
502.339996
501.799988
504.399994
504.010010
499.820007
495.190002
492.000000
492.920013
497.000000
494.500000
487.170013
490.000000
489.679993
501.230011
495.000000
490.250000
496.399994
501.640015
498.540009
508.480011
517.960022
528.840027
528.119995
533.549988
534.059998
525.719971
535.500000
533.000000
544.239990
530.929993
531.000000
540.299988
535.760010
541.010010
553.969971
541.809998
526.049988
526.070007
526.130005
510.209991
512.159973
514.380005
518.080017
521.820007
519.960022
512.690002
519.000000
514.390015
513.000000
517.130005
524.000000
521.150024
520.000000
517.000000
511.859985
512.640015
515.239990
515.469971
520.000000
522.739990
545.090027
545.979980
551.479980
550.159973
546.159973
551.599976
557.250000
566.119995
569.000000
583.679993
585.799988
594.690002
603.840027
606.469971
598.159973
598.570007
584.890015
578.169983
584.299988
587.849976
586.789978
578.309998
579.690002
590.789978
592.500000
587.950012
589.000000
589.010010
608.049988
604.239990
613.390015
606.940002
628.179993
642.229980
634.169983
633.200012
633.020020
632.179993
632.229980
638.000000
632.099976
636.969971
625.570007
628.890015
651.809998
663.739990
673.760010
669.000000
670.950012
673.059998
689.059998
683.109985
677.270020
685.890015
663.969971
650.289978
653.700012
653.010010
650.239990
660.010010
681.239990
678.270020
690.000000
691.609985
692.349976
676.020020
658.179993
658.010010
675.000000
663.200012
668.200012
649.479980
617.099976
622.750000
606.010010
619.830017
630.000000
627.580017
616.780029
612.000000
598.710022
598.179993
597.090027
591.609985
586.429993
597.539978
603.359985
616.400024
615.000000
614.950012
610.710022
612.989990
610.010010
605.609985
599.909973
592.000000
554.340027
549.460022
538.489990
536.989990
544.270020
537.059998
517.599976
520.080017
515.000000
517.750000
400.429993
383.910004
379.140015
378.269989
382.059998
386.760010
401.970001
432.959991
448.250000
421.440002
407.309998
386.745924